4294967278,56
4294967278,55
4294967278,54
4294967278,53
4294967278,62
4294967278,61
4294967278,60
4294967278,59
4294967278,58
4294967278,57
4294967279,325
4294967279,82
4294967279,81
4294967279,80
4294967279,79
4294967279,75
4294967279,74
4294967279,73
4294967279,72
4294967279,71
4294967279,70
4294967279,68
4294967279,67
4294967279,65
4294967279,63
4294967279,62
4294967279,60
4294967279,56
4294967279,54
4294967279,53
4294967279,50
4294967279,46
4294967279,45
4294967279,44
4294967279,42
4294967279,41
4294967279,40
4294967279,39
4294967279,36
4294967279,34
4294967279,31
4294967279,29
4294967279,28
4294967279,27
4294967279,26
4294967279,25
4294967279,24
4294967279,23
4294967279,20
4294967279,19
4294967279,18
4294967279,17
4294967279,16
4294967279,15
4294967279,14
4294967279,13
4294967279,12
4294967279,11
4294967278,325
4294967278,132
4294967278,131
4294967278,130
4294967278,129
4294967278,128
4294967278,126
4294967278,125
4294967278,124
4294967278,122
4294967278,121
4294967278,120
4294967278,119
4294967278,118
4294967278,117
4294967278,116
4294967278,115
4294967278,114
4294967278,113
4294967278,112
4294967278,111
4294967278,110
4294967278,109
4294967278,417
4294967278,108
4294967278,353
4294967278,107
4294967278,376
4294967278,106
4294967278,105
4294967278,101
4294967278,100
4294967278,99
4294967278,98
4294967278,299
4294967278,96
4294967278,298
4294967278,95
4294967278,94
4294967278,92
4294967278,310
4294967278,91
4294967278,90
4294967278,89
4294967278,87
4294967278,86
4294967278,231
4294967278,85
4294967278,431
4294967278,84
4294967278,83
4294967278,359
4294967278,82
4294967278,81
4294967278,80
4294967278,79
4294967278,78
4294967278,77
4294967278,76
4294967278,75
4294967278,74
4294967278,403
4294967278,73
4294967278,72
4294967278,279
4294967278,71
4294967278,296
4294967278,70
4294967278,402
4294967278,69
4294967278,324
4294967278,68
4294967278,294
4294967278,67
4294967278,375
4294967278,66
4294967278,65
4294967278,320
4294967278,64
4294967278,63
4294967279,276
4294967279,78
4294967279,77
4294967279,76
4294967279,69
4294967279,518
4294967279,66
4294967279,64
4294967279,61
4294967279,59
4294967279,58
4294967279,57
4294967279,252
4294967279,55
4294967279,52
4294967279,51
4294967279,49
4294967279,48
4294967279,309
4294967279,47
4294967279,43
4294967279,38
4294967279,37
4294967279,35
4294967279,33
4294967279,530
4294967279,32
4294967279,526
4294967279,22
4294967279,21
4294967279,559
4294967279,560
4294967279,8
4294967279,6
4294967279,5
4294967279,4
4294967278,104
4294967278,419
4294967279,349
4294967279,539
4294967279,0
4294967278,103
4294967278,442
4294967278,323
4294967278,102
4294967278,213
4294967278,211
4294967278,210
4294967278,97
4294967278,430
4294967278,208
4294967278,206
4294967278,93
4294967278,318
4294967278,204
4294967294,99
4294967294,76
4294967294,82
4294967294,1415
4294967278,203
4294967278,202
4294967278,201
4294967278,200
4294967278,199
4294967278,198
4294967278,197
4294967278,196
4294967278,195
4294967279,195
4294967278,194
4294967279,194
4294967278,193
4294967278,192
4294967279,192
4294967278,191
4294967278,190
4294967278,189
4294967279,189
4294967278,188
4294967278,187
4294967278,186
4294967279,186
4294967278,185
4294967278,184
4294967279,184
4294967278,183
4294967278,182
4294967278,181
4294967279,181
4294967278,180
4294967278,179
4294967278,178
4294967279,178
4294967278,177
4294967279,177
4294967278,176
4294967279,173
4294967279,171
4294967278,447
4294967278,349
4294967278,0
4294967279,161
4294967294,22
4294967294,151
4294967279,159
4294967278,445
4294967279,155
1566,6
4294967279,334
4294967279,152
4294967294,388
4294967294,120
4294967294,386
4294967279,150
4294967279,147
1566,5
1566,4
1566,3
1566,2
1566,1
4294967294,1097
4294967279,30
4294967279,142
4294967279,574
4294967278,443
4294967279,136
1564,5
4294967279,271
1564,4
1564,3
1564,2
1564,1
4294967294,89
4294967294,1089
4294967294,179
4294967279,280
4294967294,8
4294967279,277
4294967294,7
4294967294,396
4294967294,178
4294967294,147
4294967294,443
4294967294,167
4294967294,109
4294967294,453
4294967294,404
4294967279,514
4294967279,262
1562,6
4294967279,290
4294967294,5
4294967279,348
4294967279,10
4294967278,440
4294967279,9
4294967279,513
4294967279,257
4294967294,114
4294967279,7
4294967279,256
4294967279,287
4294967279,255
4294967279,254
4294967279,253
1562,5
4294967278,258
1562,4
1562,3
1562,2
1562,1
4294967278,257
4294967278,127
4294967294,999
4294967278,395
4294967278,438
4294967278,328
4294967278,433
4294967278,302
4294967278,382
4294967278,381
0,5
4294967278,369
4294967294,94
4294967294,96
